1.855e-06 161.5 9.69
3.006e-06 134.7 23.07
1.918e-06 174.9 22.95
1.726e-07 8.675 9.729
2.576e-06 112.2 4.18
2.486e-06 123.3 1.029
2.415e-06 80.76 27.4
1.197e-06 61.09 18.54
1.842e-06 144.9 17.81
5.308e-07 7.116 29.78
1.274e-06 99.82 5.282
3.794e-06 89.03 19.32
6.581e-07 20.07 28.58
1.714e-06 131.6 22.04
1.205e-06 166.1 13.58
1.438e-06 110.6 4.219
3.335e-06 125.1 11.47
3.386e-06 106.3 4.045
7.802e-07 16.71 26.03
9.155e-07 113.5 8.956
3.688e-06 19.71 12.94
1.754e-06 55.81 26.97
3.28e-06 136.8 14.83
3.53e-07 27.74 4.412
1.436e-06 155.2 8.028
2.044e-07 121.5 19.9
1.765e-06 4.598 3.832
5.414e-07 94.31 28.56
1.444e-06 69.36 2.189
1.25e-06 42.98 3.968
3.428e-06 130.2 1.744
8.863e-07 60.25 24.89
3.662e-06 83.75 17.33
2.449e-06 48.13 6.172
5.175e-07 27.26 4.741
3.301e-06 62.05 17.44
4.379e-07 77.16 13.15
1.359e-06 129.9 10.42
3.449e-06 98.27 1.512
7.961e-07 154 27.92
3.081e-06 106.9 8.704
9.526e-07 178.4 3.426
3.848e-07 16.59 9.768
1.948e-06 111.5 14.5
1.961e-06 146.8 12.01
3.213e-06 19.11 17.67
3.977e-06 68.64 18.99
1.653e-06 65.76 28.73
2.522e-07 86.99 22.99
3.813e-06 13.11 26.01
2.834e-06 141.1 11.86
7.934e-07 121.1 28.12
1.157e-06 63.24 4.026
1.221e-06 75.96 24.05
2.614e-06 49.21 21.17
2.513e-06 163.4 14.7
3.898e-06 39.02 24.31
3.691e-06 30.5 8.666
1.558e-06 87.47 9.342
3.123e-06 112.9 10.27
3.344e-07 39.74 3.31
1.977e-06 7.836 10.33
3.532e-06 117.6 2.808
3.208e-06 157.9 7.776
1.52e-06 151 28.37
2.261e-06 19.59 25.04
6.369e-07 12.87 27.54
3.269e-06 72.12 4.432
5.865e-07 144.7 1.416
2.592e-06 44.9 15.68
2.959e-06 53.53 7.796
2.242e-06 57.13 4.896
8.651e-07 72.48 27.69
1.361e-06 166.4 24.73
4.114e-07 110.4 5.669
1.513e-07 23.91 1.59
5.095e-07 55.57 28.6
9.58e-07 166.3 8.782
3.399e-06 64.8 14.37
9.235e-07 82.43 22.51
1.115e-06 128.8 23.28
2.73e-06 99.34 11.26
2.937e-06 149.2 15.84
1.832e-07 105.6 16.96
4.538e-07 64.44 12.11
1.924e-06 56.53 3.175
4.273e-07 19.23 7.351
2.25e-06 105.2 16.19
1.581e-06 76.08 20.11
1.39e-06 6.516 12.38
1.016e-06 54.85 23.38
9.792e-07 71.52 27.67
3.477e-07 163.7 20.59
2.309e-07 64.68 23.53
2.603e-06 94.19 18.56
3.452e-06 35.66 6.829
3.492e-06 59.17 21.6
5.785e-07 174.8 1.164
3.282e-06 141.7 4.818
9.712e-07 62.89 28.1
1.903e-06 164.9 18.53
3.187e-06 57.61 16.17
1.629e-06 168.4 21.04
4.255e-08 176.3 15.43
2.736e-06 157.2 24.21
3.12e-06 165.1 27.28
3.927e-06 77.52 23.57
3.009e-06 95.03 17.73
3.875e-07 55.09 4.238
3.98e-06 86.75 22.02
3.76e-06 159 22.43
2.526e-06 154.2 12.59
3.946e-06 127.3 10
1.231e-06 173.5 14.97
2.109e-06 155.4 15.57
9.871e-07 79.8 18.31
1.382e-06 42.5 27.42
3.02e-06 112.8 4.374
3.052e-07 156.3 27.07
3.822e-07 25.95 26.3
3.636e-07 160.8 22.6
2.85e-06 47.65 21.1
1.062e-07 120.3 21.45
1.398e-06 45.73 8.008
2.351e-06 12.99 9.903
6.051e-07 104.7 22.53
2.033e-06 51.01 24.02
1.693e-06 118.2 2.208
3.418e-06 171.2 1.938
3.16e-06 161.2 13.02
2.46e-06 131.4 9.284
3.057e-06 69.96 13.73
3.948e-06 43.58 27.32
1.089e-07 96.47 4.934
1.913e-06 99.46 24.27
3.818e-06 105 22.93
3.64e-06 111.9 19.36
2.773e-06 53.77 2.131
1.21e-06 166.7 21.33
4.061e-07 148.3 14.41
1.709e-06 163.5 21.23
6.926e-07 77.04 14.93
3.603e-06 175.9 21.73
1.719e-06 179.9 10.19
1.646e-07 2.079 15.99
1.446e-06 86.39 3.504
3.696e-06 168.2 8.453
3.768e-06 48.25 26.05
2.484e-06 146.1 20.36
2.569e-06 85.91 14.99
4.936e-07 84.35 2.324
3.646e-06 138.8 23.4
9.022e-07 157.4 6.056
2.322e-06 7.236 17.15
1.009e-07 167.5 17.56
3.63e-06 167.6 23.96
1.351e-06 7.356 1.106
1.805e-07 86.27 21.54
3.378e-06 36.74 29.74
2.548e-07 61.69 4.509
3.431e-06 86.15 23.92
1.499e-06 165.3 21.08
2.924e-06 124.9 6.674
1.749e-06 62.77 26.68
1.417e-06 20.79 13.09
3.192e-06 141 24.65
3.654e-06 74.28 19.72
3.702e-06 164.2 15.93
2.194e-06 111.1 25.5
1.069e-06 94.91 25.02
2.81e-06 138.2 27.44
1.706e-06 158.5 21.79
3.908e-06 171.4 23.47
1.624e-06 133 16.88
2.905e-06 87.59 10.62
1.29e-06 119.5 25.85
4.299e-07 82.67 9.922
1.08e-06 167.1 29.99
3.112e-06 53.17 3.407
3.542e-06 149.5 13.36
3.675e-06 59.53 24.44
7.616e-07 127.4 21.31
1.836e-06 0.8796 8.434
3.495e-06 162.7 27.38
3.349e-06 37.82 8.066
1.149e-06 67.68 17.4
1.589e-06 83.51 2.943
3.824e-06 15.63 10.12
3.99e-08 148.6 6.926
9.5e-07 97.67 28.31
3.805e-06 2.679 16.13
9.288e-07 71.16 7.95
3.354e-06 103.1 24.23
2.391e-06 116.5 26.14
2.091e-06 144.2 27.15
1.487e-07 173.6 26.51
3.362e-06 81.59 5.766
3.598e-06 170.1 7.274
1.191e-06 163.1 9.226
1.673e-07 120.5 1.57
5.255e-07 57.25 11
2.601e-07 117.7 12.86
1.144e-06 81.11 16.59
1.62e-07 15.27 19.59
1.544e-06 50.17 16.26
1.306e-06 110.7 8.646
3.739e-06 134.5 9.439
2.738e-06 40.46 26.32
1.176e-06 132.6 5.05
2.181e-06 162.8 7.699
6.661e-07 130.3 13.23
3.041e-06 50.89 8.163
2.409e-06 104.3 20.05
3.582e-06 107 5.727
2.086e-06 153.3 15.95
2.048e-06 140.7 24.09
2.47e-06 13.83 12.88
1.547e-06 89.75 23.05
8.253e-07 62.41 6.752
3.168e-06 41.66 1.319
5.573e-07 19.95 13.05
8.067e-07 89.63 28.89
1.921e-06 2.319 20.38
1.367e-06 129.8 14.31
1.46e-07 69.48 12.13
2.277e-06 130.4 29.22
1.401e-06 96.95 1.88
5.653e-07 78.72 15.9
8.89e-07 142.8 1.686
3.357e-06 4.717 9.652
3.062e-06 72.6 25.12
2.266e-06 135.3 9.072
1.608e-06 122.5 5.65
3.317e-06 10.23 27.09
2.892e-06 81.47 4.857
1.014e-06 119.1 15.47
3.424e-07 70.44 23.86
3.601e-06 19.47 19.76
1.507e-06 60.73 6.79
1.523e-06 44.06 17.83
7.43e-07 142.6 29.97
2.681e-07 108.6 13.29
1.136e-06 66.36 17.11
3.118e-06 115.1 15.06
9.951e-07 114.5 12.36
2.385e-06 109.1 2.054
1.454e-06 47.77 6.384
4.777e-07 50.05 21.25
3.091e-06 129.2 26.18
5.069e-07 27.5 8.801
2.149e-06 121.8 24.58
1.441e-06 171.9 27.84
3.104e-06 165.5 6.307
3.086e-06 76.2 20.42
2.813e-06 16.83 13.89
3.874e-06 162 16.32
2.155e-06 55.45 22.14
9.739e-07 30.62 8.627
2.712e-06 117.3 14.18
7.855e-07 142.5 25.95
1.245e-06 118.3 23.9
3.211e-06 123.2 27.05
1.542e-06 102.7 8.472
3.447e-06 60.37 25.47
3.221e-06 138.6 22.41
2.062e-06 15.15 20.27
3.861e-06 176.1 25
3.749e-06 73.44 19.24
6.794e-07 46.09 4.702
7.775e-07 160.9 16.8
3.595e-06 65.04 9.052
1.51e-06 172.1 19.74
1.43e-06 108 27.5
1.268e-06 22.71 26.24
1.783e-06 156.9 3.523
8.492e-07 3.758 8.26
1.539e-06 139 3.291
4.485e-07 126.7 1.338
3.518e-06 113.7 7.757
2.271e-06 38.06 20.13
2.192e-06 41.54 23.42
3.725e-06 179.8 19.3
3.855e-06 92.87 7.68
2.133e-06 101.3 22.39
2.274e-06 97.43 21.93
3.306e-06 126.1 28.27
2.492e-06 106.2 23.11
1.059e-06 156.8 29.29
3.808e-06 117.5 25.97
3.778e-06 6.636 1.802
3.784e-06 139.5 11.14
3.877e-06 101.4 10.15
7.749e-07 2.799 21.68
1.91e-06 30.26 11.7
1.165e-06 120.1 11.76
2.324e-06 17.19 21.48
1.266e-06 98.51 17.37
2.765e-06 52.45 16.77
2.595e-06 102.8 19.53
3.633e-06 152.7 23.82
3.407e-06 71.88 14.76
1.881e-06 167.8 25.37
3.577e-06 170.8 25.21
3.179e-06 28.94 18.35
1.94e-06 62.65 5.108
3.81e-06 137 24.54
1.884e-06 118.1 14.6
3.42e-06 68.76 4.973
1.741e-06 0.7596 23.09
1.916e-06 108.9 29.1
1.942e-06 154.5 29.26
4.618e-07 99.1 8.859
9.686e-07 97.19 12.26
4.193e-07 45.02 1.048
1.494e-06 93.47 15.66
3.93e-06 28.46 11.64
1.78e-06 55.93 3.736
6.767e-07 177.5 8.917
3.67e-06 21.03 29.35
5.732e-07 114.2 26.1
1.42e-06 78.48 20.73
1.868e-06 53.29 29.51
7.643e-07 153.1 9.574
7.192e-07 122.4 13.6
2.295e-06 107.1 17.13
3.229e-06 178.7 1.068
3.924e-06 137.1 10.04
1.263e-06 3.878 13.25
3.33e-06 134 29.27
9.42e-07 87.71 4.006
3.311e-06 126.6 24.69
2.908e-06 126.4 11.62
1.799e-06 150.6 18.16
2.436e-06 149.4 23.34
3.906e-06 84.59 29.62
3.553e-06 52.93 24.33
2.043e-06 26.91 25.83
3.534e-06 42.26 7.216
1.661e-06 13.35 1.377
1.242e-06 39.5 4.393
3.265e-07 38.9 14.23
3.303e-06 123.8 24.52
1.434e-07 32.9 11.93
2.168e-06 94.55 4.451
2.367e-06 0.3998 27.86
2.071e-07 153.4 12.98
1.38e-06 33.26 2.034
1.146e-06 57.73 16.09
1.68e-06 74.88 9.961
7.324e-07 92.51 29.08
5.582e-08 128.2 11.55
2.882e-06 8.555 21.97
2.468e-06 101.1 6.964
2.287e-06 131.8 15.45
3.465e-06 4.478 15.8
1.65e-06 55.21 29.47
2.948e-06 91.91 2.518
1.067e-06 175.5 3.91
1.319e-06 151.8 13.61
3.059e-06 152.1 22.57
5.148e-07 29.3 27.98
3.471e-06 70.08 10.83
1.566e-07 145.3 9.787
1.613e-06 9.875 7.583
3.245e-06 3.518 27.11
3.648e-06 130.8 26.74
2.203e-07 81 4.49
8.094e-07 148.2 5.611
3.863e-06 178.6 2.112
1.717e-06 171.1 16.5
1.072e-06 109.3 20.4
2.283e-07 7.476 10.93
2.035e-06 150.8 10.77
3.893e-06 99.58 9.98
2.316e-06 89.39 25.18
5.546e-07 37.7 17.06
5.971e-07 2.439 15.32
3.264e-06 148.9 24.85
2.521e-06 176 20.79
2.787e-07 97.07 11.84
3.765e-06 16.35 28.04
3.484e-06 23.79 23.18
3.314e-06 162.3 6.114
7.908e-07 86.51 13.9
1.091e-06 24.51 16.69
3.709e-06 76.68 20.44
1.863e-06 8.076 17.98
6.449e-07 46.81 25.08
3.845e-06 150.3 20.23
1.993e-06 103.7 22.97
5.016e-07 111.3 19.67
2.974e-06 73.68 19.49
3.144e-06 135 28.91
6.104e-07 54.97 9.884
1.759e-06 98.39 13.81
1.475e-06 176.8 1.667
2.55e-06 45.13 1.783
2.973e-07 156.6 1.764
5.918e-07 47.53 14.85
2.964e-06 15.75 29.41
5.228e-07 44.18 14.62
3.731e-06 155.1 9.11
1.563e-06 102 4.876
9.341e-07 130.9 12.18
8.279e-07 127.6 15.59
2.184e-06 33.38 11.57
2.611e-06 18.39 12.46
3.786e-06 6.756 19.28
2.654e-07 119.7 2.266
2.189e-06 36.02 11.39
9.473e-07 144.4 14.1
1.911e-07 112.7 5.708
2.051e-06 125.3 6.887
2.42e-06 98.87 13.71
3.643e-06 59.29 26.55
3.436e-06 63.72 7.196
5.122e-07 137.6 24
3.107e-06 15.03 2.866
1.117e-06 169.7 1.087
9.553e-07 176.7 10.13
7.696e-07 62.29 29.66
1.133e-06 66.6 5.959
2.616e-06 147.4 18.2
2.844e-06 127 19.69
2.858e-06 107.3 23.32
2.311e-06 49.69 15.36
1.213e-06 99.7 5.572
3.194e-08 151.4 27.75
2.097e-07 37.22 3.562
1.892e-06 90.71 29.14
4.671e-07 101.6 3.388
6.643e-08 166.6 8.047
3.829e-06 81.35 24.15
7.97e-08 122.6 3.62
3.707e-06 145 20.54
9.102e-07 29.78 10.06
2.165e-06 130 9.265
1.467e-06 165.4 17.5
4.724e-07 24.99 1.454
1.823e-06 6.996 2.498
2.672e-06 153.8 10.89
3.333e-06 33.98 24.71
8.784e-07 137.7 28.79
2.176e-06 53.05 13.79
2.186e-06 150.9 17.77
1.247e-06 58.21 6.075
3.879e-06 22.23 19.22
2.659e-06 131.5 7.022
2.951e-06 78.12 15.05
3.115e-06 142.9 23.88
1.645e-06 33.74 18.84
1.104e-06 28.82 2.634
1.889e-06 143.1 27.23
2.314e-06 151.5 20.52
8.766e-08 141.2 5.92
1.083e-06 120.6 25.7
4.786e-08 36.26 17.75
3.134e-06 65.52 18.91
3.468e-06 121.4 14.27
2.584e-06 40.94 5.089
7.536e-07 93.35 10.64
5.387e-07 24.39 3.136
3.375e-06 126.8 27.01
1.276e-06 173.9 1.493
3.455e-06 72.36 1.918
3.529e-06 5.677 27.19
1.987e-06 94.43 24.34
1.027e-06 102.5 11.49
3.402e-06 122.1 6.133
7.138e-07 44.54 14.06
1.531e-06 83.15 16.71
2.92e-07 79.56 23.59
1.258e-06 133.2 10.37
6.183e-07 137.2 1.725
1.752e-07 36.5 16.51
1.234e-06 150.7 17.87
3.757e-06 50.53 11.58
1.849e-06 154.9 1.706
3.5e-06 161.6 12.8
2.571e-06 21.15 16.3
2.64e-06 151.2 3.542
3.638e-06 77.4 10.68
8.943e-07 30.98 22.76
1.616e-06 90.59 22.1
2.025e-06 112.4 13.19
1.685e-06 95.75 12.73
6.82e-07 179.5 29.37
2.21e-06 34.58 2.846
1.308e-06 43.34 12.57
1.077e-06 174.1 20.34
2.2e-06 136.5 10.99
3.03e-06 143.2 5.514
3.166e-06 147.7 23.63
3.043e-06 9.635 12.03
3.94e-06 73.92 21.37
1.735e-06 134.6 11.8
8.306e-07 10.11 10.75
1.335e-06 124.4 20.5
1.505e-06 40.7 1.86
2.022e-06 144.6 6.868
3.537e-06 95.15 3.078
2.452e-06 127.5 21.87
3.593e-06 110.3 20.67
1.95e-06 68.88 17.79
3.962e-06 159.7 8.608
1.316e-06 155.7 14.79
3.415e-06 65.88 9.613
1.611e-06 135.9 17
2.6e-06 156.4 1.28
2.088e-06 42.38 21.95
1.998e-06 12.03 21.46
1.775e-06 125.9 28.4
1.328e-07 169.5 24.98
3.359e-06 74.76 29.85
3.291e-07 142.4 25.56
2.619e-06 158.4 15.88
5.679e-07 68.4 5.688
3.723e-06 175.1 10.1
2.476e-06 46.33 20.32
2.398e-08 23.43 24.29
1.207e-06 152.8 28.06
5.52e-07 112.5 11.91
1.457e-06 116.1 8.975
3.371e-07 158.2 5.244
3.426e-06 135.2 18.97
6.077e-07 14.07 19.61
3.423e-06 136.9 15.86
3.985e-06 123.7 10.91
7.705e-08 136.4 27.83
2.07e-06 111.7 9.4
3.651e-06 161 3.098
2.462e-06 122.7 19.01
3.951e-06 103.2 24.94
2.12e-06 56.65 29.84
3.439e-06 35.9 18.45
2.786e-06 155.6 11.02
3.802e-06 37.94 8.936
2.667e-06 160.5 6.655
2.582e-06 79.92 3.272
3.054e-06 48.01 24.25
2.301e-06 105.1 10.21
2.018e-07 39.98 10.5
1.248e-07 11.91 19.8
2.826e-06 78.36 4.064
2.213e-06 170 21.81
2.293e-06 114 16.63
1.64e-06 164.6 24.75
2.046e-06 95.51 18.27
3.479e-06 10.95 22.28
2.014e-06 139.8 24.63
1.142e-07 32.42 8.202
3.72e-06 54.25 29.6
2.258e-06 5.797 29.58
1.682e-06 115.5 23.67
3.132e-07 80.64 19.43
8.916e-07 111 13.69
3.365e-06 39.26 8.124
3.625e-06 69.24 16.11
9.128e-07 86.03 27.59
1.99e-06 106.5 7.602
1.815e-06 119.6 22.26
1e-06 63.84 18.37
3.505e-06 75.24 29.24
2.932e-06 138.4 6.906
3.954e-07 48.37 20.63
1.597e-06 83.27 19.38
2.693e-06 9.515 20.3
2.34e-06 159.6 4.586
1.222e-07 120 14.39
2.638e-06 84.95 10.58
3.158e-07 63.12 1.396
2.216e-06 125.7 10.39
6.21e-07 20.43 10.66
2.814e-07 144.8 5.746
3.587e-06 170.6 16.57
1.414e-06 84.83 10.85
1.462e-06 141.8 19.2
1.725e-06 32.18 5.263
3.943e-06 49.81 5.418
7.032e-07 118.5 23.65
3.396e-06 31.34 28.97
3.277e-06 89.15 29.2
1.329e-06 172 23.78
2.439e-06 18.51 24.91
2.839e-06 124.1 5.07
2.77e-06 106.4 5.34
3.938e-06 17.43 3.04
1.226e-06 61.21 12.51
3.487e-06 26.31 22.59
3.298e-06 148.8 15.03
2.157e-06 26.19 20.07
2.393e-06 154.4 24.96
4.087e-07 73.32 9.555
1.982e-06 62.53 21.58
3.566e-06 128 15.55
2.691e-06 172.4 6.616
3.2e-06 23.55 6.984
1.56e-06 124.3 23.98
2.754e-06 177.3 6.442
1.237e-06 179 13.04
3.999e-06 41.3 25.99
1.051e-06 100.8 26.76
1.162e-06 178 14.91
2.982e-06 117 18.25
1.576e-06 94.07 29.93
1.733e-06 92.99 22.12
6.687e-07 89.51 20.83
1.934e-06 69 23.03
3.181e-06 161.1 22.82
2.075e-06 28.22 28.93
2.744e-06 47.41 28.98
1.47e-06 160.6 4.528
2.131e-06 67.92 28.7
3.235e-06 156 25.76
2.752e-06 152.5 18.51
3.502e-06 159.8 16.44
8.624e-07 166.5 27.63
9.182e-07 53.41 23.46
1.311e-06 102.6 10.73
3.37e-06 85.31 2.228
3.513e-06 17.67 4.2
6.024e-07 113.4 23.71
3.627e-06 78.96 12.76
3.046e-06 94.79 2.788
2.399e-06 109.5 8.086
1.168e-06 150.4 28.54
3.869e-06 20.19 13.31
1.422e-06 32.3 24.67
2.336e-07 103.4 12.22
3.611e-06 92.03 26.84
1.584e-06 140 18.02
1.791e-06 173.8 1.822
3.065e-06 160 29.02
8.2e-07 92.15 26.63
1.022e-06 93.71 13.32
6.396e-07 95.99 4.664
2.124e-07 51.37 16.34
3.715e-06 40.82 22.62
1.674e-06 54.01 29.55
7.298e-07 169.6 7.718
2.115e-06 134.4 11.43
3.826e-06 11.67 12.71
9.394e-07 15.51 6.191
2.019e-06 26.55 13.07
3.922e-06 57.01 18.82
2.507e-06 45.85 29.64
1.762e-06 29.18 7.873
1.369e-06 85.43 15.92
1.857e-06 63.01 9.942
1.743e-06 82.07 13.13
2.972e-06 170.5 1.3
7.006e-07 144 13.38
8.571e-07 119.4 11.33
2.553e-06 52.21 7.486
8.12e-07 42.14 4.625
3.797e-06 18.63 5.998
4.989e-07 91.67 11.66
9.075e-07 9.035 28.5
1.54e-07 52.57 17.23
7.085e-07 28.1 10.6
2.531e-06 132.8 5.843
2.364e-06 25.35 19.71
2.003e-06 152.2 27.71
2.197e-06 58.09 15.78
1.979e-06 49.57 5.476
1.627e-06 8.195 20.94
1.088e-06 90.95 21.7
1.632e-06 28.58 21.35
3.412e-06 29.06 13.44
3.728e-06 176.5 14.87
2.929e-08 71.64 12.82
2.177e-07 114.3 5.321
2.94e-06 90.47 17.69
3.15e-06 102.9 15.41
3.318e-07 26.67 19.03
4.352e-07 149.8 19.4
3.895e-06 69.84 14.29
1.839e-06 145.8 17.21
8.757e-07 140.8 3.929
1.552e-06 96.59 7.332
3.319e-06 28.7 20.98
2.648e-06 148 17.42
2.24e-06 63.48 7.467
1.526e-06 145.6 19.82
2.757e-06 96.35 4.992
1.81e-06 30.38 23.76
6.502e-07 136.2 28.46
7.988e-07 148.4 13.34
5.202e-07 61.93 18.76
2.067e-06 81.71 22.8
3.028e-06 103.8 15.22
1.587e-06 51.25 7.854
2.38e-06 16.47 10.25
3.996e-06 143 5.205
3.258e-06 59.77 18.1
1.621e-06 118.7 9.748
3.585e-06 5.557 5.379
2.643e-06 158.6 18.64
2.285e-06 49.93 21.52
3.097e-06 177.9 25.41
2.558e-06 177.1 18
1.786e-06 70.68 13.17
1.566e-06 16.95 7.177
2.847e-06 29.9 2.17
1.115e-07 158 3.33
2.446e-06 104 3.059
1.704e-06 51.13 26.09
3.049e-06 51.61 7.738
2.805e-06 159.4 27.3
3.672e-06 14.79 1.628
3.224e-06 22.95 8.182
1.605e-06 156.2 24.92
3.227e-06 40.1 26.49
1.696e-06 91.31 15.2
6.113e-08 128.5 7.641
1.279e-06 93.23 26.88
2.935e-06 160.3 7.912
3.736e-06 166.9 3.6
3.821e-06 147.3 15.64
1.932e-06 112.3 9.207
1.796e-06 108.3 5.824
3.885e-06 173 16.07
1.852e-06 125 6.23
1.255e-06 124.8 7.544
2.529e-06 136 11.97
2.768e-06 100.5 16.42
1.656e-06 6.876 4.548
3.521e-06 6.277 26.8
9.049e-07 60.85 10.17
1.459e-06 26.43 4.316
1.571e-06 96.23 2.44
2.534e-06 137.4 19.78
1.343e-06 36.14 11.16
3.346e-06 106.7 20.75
2.473e-06 56.17 3.581
5.706e-07 161.8 11.45
3.489e-06 1.479 18.06
4.804e-07 95.27 11.35
2.579e-06 115.2 18.14
2.967e-06 47.05 22.88
1.112e-06 170.3 26.59
3.763e-06 34.7 4.122
3.716e-07 13.23 8.24
2.03e-06 127.9 17.48
1.036e-07 80.52 2.073
4.857e-07 10.47 17.91
2.566e-06 143.5 2.692
1.73e-06 72 15.7
1.6e-06 155 24.13
2.343e-06 88.79 18.6
2.478e-06 10.83 5.128
1.465e-06 93.95 10.02
2.701e-06 171.8 12.65
9.562e-08 171.7 16.53
1.173e-06 85.07 9.168
1.9e-06 155.5 11.78
2.953e-06 5.317 29.56
3.272e-06 36.98 16.61
4.644e-07 148.5 13.27
1.865e-06 9.395 5.031
9.367e-07 13.71 3.465
3.256e-06 31.94 18.04
4.14e-07 140.1 15.53
8.359e-07 24.75 18.93
1.831e-06 91.19 14.02
7.351e-07 71.76 24.62
2.518e-06 107.6 2.15
3.136e-06 35.3 26.65
9.827e-08 140.4 20.17
2.064e-06 141.4 24.77
1.592e-06 113 16.9
1.354e-07 156.1 6.694
8.81e-07 104.5 19.94
2.943e-06 157.5 20.48
2.675e-06 64.92 19.63
3.404e-06 157.3 7.08
3.248e-06 43.46 26.22
5.998e-07 63.36 16.15
1.428e-06 129.3 6.848
2.537e-06 133.3 27.26
1.303e-06 58.57 17.62
2.041e-06 11.55 11.29
2.094e-06 141.6 9.149
3.972e-06 15.39 18.49
1.282e-06 12.51 19.45
3.067e-06 66.12 3.252
9.845e-07 24.87 22.55
1.945e-06 157 12.63
3.556e-06 172.5 18.95
3.219e-06 103.3 21.66
3.41e-06 20.91 3.948
1.425e-06 137.8 15.3
1.481e-06 171.5 23.84
2.319e-06 15.99 23.2
2.898e-06 169.3 8.82
2.871e-06 132.9 7.39
1.332e-06 163.3 1.474
1.324e-06 42.02 2.247
2.377e-06 167.3 17.64
3.656e-06 75.84 2.344
3.012e-06 109.2 20.25
2.412e-06 64.32 13
1.301e-07 92.27 10.31
3.155e-06 107.5 29
1.844e-06 46.93 17.52
2.608e-06 24.15 26.57
1.677e-06 56.77 14.25
2.688e-06 167 26.78
1.046e-06 54.13 11.6
2.096e-06 13.47 20.09
1.672e-06 79.08 26.9
2.704e-06 125.5 19.65
1.828e-06 72.24 7.254
2.388e-06 136.6 26.12
3.842e-06 149.6 21.83
3.569e-06 109.4 17.71
2.547e-06 18.15 21.85
2.425e-06 169.9 22.74
3.694e-06 172.6 19.07
2.884e-06 51.49 3.774
4.459e-07 114.8 8.994
2.683e-06 53.89 23.3
2.298e-06 103.9 2.769
2.802e-06 102.1 5.456
2.263e-06 83.39 5.437
1.958e-06 166 27.52
3.128e-06 97.31 25.79
1.483e-06 18.87 21.27
1.26e-06 75.48 1.358
2.226e-06 38.18 20.61
1.409e-06 92.63 5.862
1.407e-07 37.34 3.871
9.447e-07 27.86 18.58
2.306e-06 22.47 1.01
3.171e-06 175.6 15.49
4.75e-07 132.1 16.24
1.003e-06 41.78 8.724
2.663e-08 57.49 7.138
3.964e-06 133.6 28.48
3.54e-06 90.35 7.448
3.981e-07 132.7 17.17
5.626e-07 44.42 8.318
3.622e-06 13.59 20.15
2.229e-06 59.41 3.639
3.338e-06 116.4 1.957
1.101e-06 19.83 27.55
1.451e-06 120.7 16.05
1.473e-06 143.7 28
3.664e-06 73.2 11.82
1.966e-06 26.07 22.47
3.919e-06 51.97 7.003
3.51e-06 56.89 15.26
1.141e-06 88.43 15.82
8.412e-07 9.275 14.74
5.042e-07 8.315 28.42
1.513e-06 67.32 11.12
6.953e-07 54.61 14.95
1.579e-06 93.11 19.92
1.699e-07 78 13.54
2.927e-06 159.3 5.94
1.239e-06 158.8 5.186
1.536e-06 167.2 7.409
1.964e-06 24.03 29.39
4.591e-07 36.38 9.033
8.235e-08 59.05 2.363
1.381e-07 103.5 2.653
2.98e-06 41.9 24.83
2.059e-06 6.157 10.79
2.852e-06 121.2 23.55
1.321e-06 179.6 6.771
3.516e-06 4.118 18.18
2.303e-06 26.79 8.685
6.74e-07 88.55 17.93
1.043e-06 102.2 9.497
2.868e-06 138.9 6.094
7.404e-07 141.3 12.07
4.697e-07 7.956 25.27
3.079e-07 45.97 17.04
1.908e-06 60.61 8.298
3.051e-06 138 17.35
6.714e-07 22.83 27.88
1.229e-06 36.62 21.75
1.109e-06 143.4 1.996
2.807e-06 33.14 4.277
2.867e-07 101.7 27.21
3.993e-06 176.9 8.492
1.964e-07 154.6 7.564
3.253e-06 123.5 28.33
2.783e-06 37.58 19.11
2.327e-06 169.1 17.6
1.03e-06 69.72 3.852
1.929e-06 14.31 17.25
3.288e-06 106.8 29.43
1.393e-06 37.1 29.91
8.545e-07 165.9 14.16
3.659e-06 118.9 26.61
3.769e-07 173.3 27.96
2.5e-06 110.9 14.89
2.717e-06 128.6 2.924
2.375e-06 132.2 10.54
2.112e-06 176.6 3.156
1.152e-06 76.44 14.48
1.008e-06 121.9 10.35
1.876e-06 154.3 10.52
2.497e-06 91.55 16.46
3.839e-06 167.7 10.71
1.372e-06 174.7 6.346
3.59e-06 110 22.66
2.29e-06 74.16 22.2
7.165e-07 101.9 20.71
3.142e-06 44.3 23.61
8.226e-07 147 22.91
6.157e-07 146.5 25.31
1.858e-07 178.1 15.37
1.905e-06 161.7 11.2
2.855e-06 86.63 10.7
7.439e-08 140.2 24.46
4.326e-07 136.3 24.38
3.242e-06 115.4 2.982
1.04e-06 82.79 18.47
3.163e-06 124.2 8.144
2.123e-06 34.1 8.53
2.921e-06 63.96 26.45
7.271e-07 80.4 25.68
2.469e-07 0.2799 26.47
5.281e-07 30.14 25.16
2.823e-06 44.66 25.81
3.954e-06 24.63 28.66
2.232e-06 25.47 6.268
3.574e-06 88.19 29.49
2.539e-06 79.68 4.78
2.515e-06 131 22.72
3.341e-06 163.6 24.81
3.928e-07 165.7 26.36
5.891e-07 21.75 12.42
2.245e-06 128.7 21.99
3.755e-06 162.4 4.915
2.574e-06 142 1.532
3.397e-07 119.9 14.58
1.298e-06 33.62 12.32
3.988e-06 38.42 21.19
2.221e-06 60.13 24.07
1.938e-07 129 20.92
2.728e-06 89.87 3.89
5.467e-07 126.9 6.365
3.441e-06 178.5 25.2
6.9e-07 127.8 15.61
9.818e-07 60.97 19.51
1.223e-06 140.6 9.188
3.073e-06 130.6 2.962
2.696e-06 109.7 20.9
1.502e-06 75.6 25.6
3.158e-06 54.37 12.78
8.837e-07 147.2 18.24
2.799e-06 64.56 12.84
3.683e-06 59.89 17.38
8.041e-07 34.94 13.94
2.929e-06 80.16 9.71
2.706e-06 45.61 18.33
1.648e-06 144.3 25.89
3.014e-06 104.1 28.64
1.099e-06 68.04 1.203
2.407e-06 176.2 22.18
3.238e-07 86.87 19.55
1.128e-06 175.7 14.64
2.866e-06 107.9 22.3
3.853e-06 143.6 29.53
2.961e-06 134.2 25.62
2.428e-06 173.2 13.92
2.417e-06 66.84 27.81
1.035e-06 7.596 15.72
1.574e-06 154.8 25.91
2.656e-06 29.42 9.304
1.019e-06 88.91 18.87
2.139e-06 132.4 13.42
6.979e-07 175 15.39
3.975e-06 21.51 19.41
2.722e-06 82.55 26.7
2.253e-06 119.3 13.21
2.33e-06 79.32 24.4
3.741e-06 150.1 12.49
1.751e-06 117.9 4.354
2.481e-06 164.7 26.66
3.038e-06 49.33 27.73
3.185e-07 129.7 27.03
2.794e-06 45.25 21.43
3.296e-06 51.85 22.32
2.396e-06 85.79 8.762
1.295e-06 46.21 14.45
2.16e-06 43.94 3.755
1.275e-07 164.5 14.56
2.072e-06 120.8 22.7
1.985e-06 76.56 27.34
5.838e-07 74.64 12.92
2.911e-06 91.07 5.804
2.205e-06 39.38 10.81
1.406e-06 177.7 10.97
3.781e-06 57.85 12.3
8.014e-07 8.435 25.35
2.789e-06 163 12.75
2.237e-06 157.8 6.462
2.335e-06 6.397 7.97
7.563e-07 56.41 25.14
2.269e-06 53.65 8.898
2.651e-06 18.99 11.31
1.218e-06 76.8 15.12
2.863e-06 3.398 4.296
2.598e-06 108.1 25.25
9.606e-07 5.437 18.43
1.871e-06 37.46 9.845
3.77e-06 162.9 13.46
3.969e-06 143.8 20.56
1.873e-06 30.86 24.6
1.195e-07 42.74 7.158
2.431e-06 108.8 4.644
1.568e-06 28.34 3.446
2.879e-06 164.8 9.516
1.13e-06 170.7 13.83
3.556e-07 146.4 9.13
1.555e-06 142.2 26.38
2.734e-07 85.55 26.92
1.327e-06 12.15 16.98
1.887e-06 112.1 16.79
3.444e-06 44.78 25.49
5.812e-07 70.56 26.86
3.704e-06 3.638 12.05
2.362e-07 179.7 10.44
1.345e-06 113.6 20.81
3.131e-06 70.2 25.45
6.847e-07 51.73 19.84
1.064e-06 174.2 24.11
3.11e-06 179.3 29.16
3.503e-07 46.57 20.01
7.483e-07 72.84 14.81
2.125e-06 125.4 9.671
3.372e-06 46.69 21.72
4.883e-07 0.9995 17.09
2.011e-06 159.2 7.506
2.791e-06 126 11.53
1.658e-06 100.1 9.014
2.178e-06 173.7 28.44
3.847e-06 13.95 12.17
7.669e-07 129.6 26.26
2.494e-06 46.45 20.29
1.698e-06 45.37 21.29
2.416e-07 179.2 10.41
2.234e-06 100.4 26.53
2.401e-06 97.79 25.58
2.818e-06 70.92 12.9
3.139e-06 76.92 1.184
2.76e-06 170.9 15.76
2.575e-07 167.9 20.88
1.34e-06 27.03 14.33
9.314e-07 133.8 19.09
3.105e-07 65.16 26.07
1.757e-06 159.9 3.214
3.89e-06 71.28 21.39
4.167e-07 174.4 23.36
1.807e-06 135.6 28.19
2.677e-06 98.15 5.166
8.969e-07 91.79 15.34
3.742e-07 149.1 28.35
2.945e-06 69.12 20.96
2.009e-06 105.7 18.85
2.144e-06 66 13.67
3.524e-06 116.3 20.87
4.406e-07 68.52 16.67
2.133e-08 132.3 9.632
2.054e-06 18.03 9.478
1.271e-06 133.5 12.28
2.778e-06 80.28 26.28
3.866e-06 1.839 29.87
3.571e-06 79.44 23.8
4.034e-07 140.5 7.1
1.767e-06 158.7 14.12
7.245e-07 127.2 19.26
3.434e-06 14.91 9.458
1.727e-06 152.6 11.99
3.579e-06 133.4 28.21
1.669e-06 87.11 23.94
2.383e-06 48.49 13.4
3.733e-06 23.31 17.95
1.053e-06 114.6 9.594
3.837e-06 137.5 19.57
2.622e-06 67.08 21.91
2.99e-06 134.8 14.19
6.422e-07 17.79 22.08
1.199e-06 8.915 23.51
1.364e-06 25.11 17.85
2.628e-07 88.67 27.79
2.128e-06 58.45 18.72
3.959e-06 124.7 13.65
5.334e-07 141.9 8.55
3.237e-06 135.1 23.69
3.261e-06 1.719 21.89
1.637e-06 129.1 7.931
2.555e-06 105.5 22.35
2.442e-07 178.9 9.362
1.847e-06 117.1 1.648
2.733e-06 147.9 1.609
2.078e-06 24.27 3.484
2.404e-06 66.96 24.79
2.15e-07 3.998 8.105
3.232e-06 145.5 3.349
2.354e-06 31.22 2.556
4.521e-08 57.97 13.98
3.606e-06 106.1 16.92
3.983e-06 89.99 8.743
2.821e-06 105.3 22.24
3.266e-06 20.31 21.5
1.528e-06 160.4 14.66
3.617e-06 54.73 23.15
2.279e-06 17.55 15.28
2.831e-06 22.11 26.39
5.759e-07 25.59 28.52
1.603e-06 102.3 7.989
1.991e-07 164.1 28.95
3.25e-06 67.8 1.222
2.247e-06 162.1 9.091
1.804e-06 178.3 28.02
2.84e-07 96.11 29.89
7.174e-08 11.43 21.21
1.186e-06 56.05 23.49
3.29e-06 34.82 22.68
1.974e-06 98.63 5.63
2.489e-06 149 17.89
3.747e-06 32.66 2.421
6.378e-08 71.4 3.794
2.887e-06 115.3 5.978
3.001e-06 153.6 6.326
3.38e-06 27.14 16.38
2.332e-06 96.83 1.841
3.026e-07 101.5 7.312
2.635e-06 107.7 1.242
9.898e-07 67.2 19.12
3.147e-06 168.1 11.37
6.634e-07 134.1 17.58
1.701e-06 77.76 6.81
3.903e-06 78.84 25.72
1.956e-06 34.34 22.49
3.152e-06 72.96 8.569
1.412e-06 90.11 3.02
2.661e-06 90.83 7.293
2.433e-06 128.1 5.398
2.218e-06 156.7 14.54
1.666e-06 48.61 3.987
4.91e-07 78.6 29.76
6.13e-07 105.8 29.06
1.181e-06 56.29 29.82
1.619e-06 101 23.01
3.176e-06 3.038 28.71
2.977e-06 5.077 25.39
3.388e-06 117.2 11.08
1.972e-06 74.04 9.536
3.773e-06 66.72 24.5
9.208e-07 162.2 19.98
1.895e-06 150.2 1.899
8.386e-07 73.8 27.77
1.006e-06 131.2 25.66
2.842e-06 75.12 12.4
3.343e-06 100.2 6.52
1.635e-06 21.63 16.55
3.293e-06 73.56 13.96
3.914e-06 47.17 14.77
2.685e-06 67.56 12.61
6.236e-07 34.22 23.26
3.459e-08 42.86 10.46
1.818e-06 40.34 15.08
1.826e-06 39.86 20.85
2.68e-06 172.3 22.33
2.173e-06 41.06 26.96
3.744e-06 50.65 24.19
1.178e-06 158.1 12.34
2.001e-06 65.64 20.19
2.523e-06 123 8.221
3.789e-06 64.2 18.78
2.624e-06 27.98 14.14
3.776e-06 33.86 15.14
2.998e-06 11.07 13.85
3.564e-06 160.2 29.45
2.362e-06 19.35 5.592
2.502e-06 9.155 4.799
2.874e-06 31.58 4.084
4.565e-07 168.7 8.511
2.545e-06 100.7 11.1
1.048e-06 179.1 28.29
1.518e-06 177.4 19.16
3.916e-06 32.06 14.72
3.481e-06 43.82 25.43
1.011e-06 122.3 26.16
7.881e-07 100.3 8.588
6.528e-07 145.9 5.882
1.779e-07 161.4 17.96
1.433e-06 64.08 13.63
3.663e-07 120.2 11.68
2.797e-06 93.59 16.36
3.102e-06 38.54 14.21
2.372e-06 31.46 1.145
2.505e-06 11.19 6.404
3.635e-06 83.63 8.356
3.561e-06 100.9 29.04
5.6e-07 4.238 16.65
5.944e-07 43.7 14.04
2.356e-06 48.73 1.126
1.107e-06 164.3 12.44
1.061e-06 20.67 20.65
3.017e-06 162.5 24.36
2.59e-06 110.1 27.46
2.454e-06 22.59 12.53
1.77e-06 168.9 17.46
2.163e-06 135.7 21.62
1.194e-06 9.994 27.48
1.377e-06 25.71 5.012
8.147e-07 104.6 11.24
3.383e-06 95.87 4.335
5.317e-08 54.49 6.21
3.184e-06 27.62 7.042
3.619e-06 113.3 25.74
1.593e-07 90.23 6.5
3.173e-06 77.28 11.41
8.598e-07 80.88 6.558
1.534e-06 113.9 16.01
3.457e-06 3.278 2.402
1.348e-06 35.06 15.51
1.794e-06 93.83 17.66
2.389e-07 11.79 2.479
2.08e-06 126.3 12.47
2.117e-06 18.75 16.82
3.126e-06 152 13.52
9.924e-07 52.09 6.713
1.55e-06 11.31 12.15
3.325e-06 23.67 10.08
1.287e-06 123.6 28.25
3.882e-06 84.23 22.16
3.712e-06 120.9 21
2.72e-06 17.07 27.61
5.361e-07 14.43 8.279
2.837e-06 66.48 2.537
3.548e-06 84.71 16.22
3.68e-06 104.9 28.08
2.632e-06 109.8 25.23
6.873e-07 47.89 18.12
2.255e-06 89.27 28.62
2.707e-07 99.94 4.161
3.901e-07 2.559 9.826
6.289e-07 177.8 2.73
2.51e-06 146 21.14
3.932e-06 67.44 25.78
3.967e-06 60.01 3.368
1.202e-06 2.918 3.001
2.627e-06 174.5 28.17
3.216e-06 38.78 28.87
3.935e-06 116.7 7.66
2.444e-06 81.95 7.815
1.125e-06 77.64 24.48
2.171e-06 32.78 28.13
9.031e-08 39.14 12.67
2.338e-06 61.81 4.76
1.478e-06 104.4 9.806
5.847e-08 32.54 22.89
2.256e-07 27.38 11.22
2.224e-06 12.75 26.34
1.075e-06 49.45 20.58
3.036e-06 116 27.9
1.056e-06 92.75 2.672
2.282e-06 41.18 2.614
1.897e-06 61.57 18.22
1.3e-06 114.9 18.7
9.261e-07 31.7 9.42
2.895e-06 52.69 23.73
3.285e-06 151.9 13.75
7.218e-07 82.19 5.785
3.792e-06 135.4 29.7
3.463e-06 175.4 21.64
2.993e-06 105.9 28.85
2.9e-06 78.24 12.69
1.396e-06 165.2 2.904
2.099e-06 61.33 15.63
3.45e-07 59.65 24.87
1.802e-06 121.7 20.77
1.664e-06 96.71 18.74
7.457e-07 124.5 26.72
2.63e-06 125.6 29.95
7.828e-07 177.2 26.94
1.032e-06 151.3 7.428
2.714e-06 65.28 1.976
3.991e-06 75.72 11.89
3.508e-06 118.8 21.77
2.669e-06 144.1 1.551
2.561e-06 21.27 24.56
2.027e-06 98.03 5.553
1.82e-06 1.599 20.69
3.327e-06 16.11 18.68
2.587e-06 0.16 6.597
3.699e-06 142.3 5.302
9.633e-07 97.55 16.28
9.765e-07 115.8 4.142
2.23e-07 118.4 21.41
1.292e-06 34.46 10.95
1.313e-06 57.37 11.04
2.86e-06 14.19 25.1
1.122e-06 174.3 6.481
1.738e-06 49.09 2.286
8.704e-07 114.1 17.27
2.999e-07 6.037 4.258
2.709e-06 58.69 9.323
1.643e-06 14.67 16.21
3.322e-06 43.1 26.41
2.202e-06 138.1 3.194
3.526e-06 30.02 20
1.773e-06 74.52 15.74
1.515e-06 35.78 28.77
1.778e-06 88.07 6.423
3.089e-06 115.7 6.152
3.717e-06 145.4 21.02
3.55e-06 81.83 19.96
3.367e-06 29.66 22.78
3.004e-06 111.6 20.21
7.112e-07 130.5 8.376
3.678e-06 171.3 2.46
4.22e-07 92.39 13.77
3.545e-06 115.9 26.99
2.457e-06 48.85 9.246
3.832e-06 85.19 5.36
3.689e-07 111.8 15.24
4.246e-07 25.23 17.19
2.946e-07 36.86 26.82
2.606e-06 87.83 11.88
3.871e-06 70.32 3.813
2.876e-06 169.4 11.95
3.075e-06 91.43 25.06
3.094e-06 85.67 28.81
2.725e-06 165.8 5.901
1.834e-06 73.08 4.683
3.189e-06 4.837 10.56
4.008e-07 17.31 6.578
3.033e-06 15.87 15.16
8.439e-07 0.6397 12.55
2.916e-06 38.3 6.636
2.913e-06 72.72 21.56
1.183e-06 66.24 29.18
1.356e-06 25.83 26.2
1.284e-06 168.3 6.017
3.61e-07 139.6 18.62
2.985e-06 95.39 3.658
1.879e-06 157.6 7.235
2.147e-06 63.6 22.37
2.465e-06 153 7.622
1.491e-06 12.39 7.061
2.89e-06 8.795 5.147
2.104e-06 7.716 8.414
2.956e-06 147.8 28.75
2.969e-06 172.7 4.47
3.609e-06 149.7 13.5
2.775e-06 45.49 10.87
2.749e-06 131.1 23.13
2.107e-06 97.91 22.45
2.006e-06 84.11 15.97
2.781e-06 108.5 11.74
3.686e-06 146.2 19.05
7.59e-07 50.77 7.525
2.988e-06 33.5 17.54
1.093e-06 128.4 13.11
2.746e-06 170.2 14.52
4.432e-07 139.2 22.01
3.24e-06 29.54 2.827
8.677e-07 35.18 7.834
1.252e-06 146.7 2.711
8.332e-07 30.74 23.75
3.473e-06 47.29 7.119
1.746e-06 139.4 14.43
3.858e-06 153.9 25.64
2.152e-06 42.62 17.31
1.388e-06 21.39 25.29
2.829e-06 95.63 6.732
3.205e-06 153.7 23.24
2.815e-06 20.55 17.02
2.441e-06 163.9 27.17
2.083e-06 81.23 28.39
1.812e-06 83.03 19.34
2.542e-06 150 24.04
2.017e-06 107.4 12.09
3.274e-06 10.71 1.435
5.493e-07 17.91 11.18
6.555e-07 82.31 2.305
1.404e-06 12.27 15.18
2.919e-06 33.02 19.88
1.375e-06 79.2 25.52
4.963e-07 123.1 19.86
3.497e-06 98.99 11.06
3.195e-06 69.6 22.84
1.154e-06 75 11.72
2.37e-06 62.17 6.945
3.85e-06 88.31 22.22
6.342e-07 116.9 21.06
2.136e-06 121.3 2.092
2.645e-06 1.119 21.12
3.46e-06 21.99 4.838
1.788e-06 40.22 4.606
3.956e-06 50.29 4.567
1.885e-07 41.42 16.84
1.497e-06 18.27 29.33
2.359e-06 77.88 24.42
1.995e-06 114.7 16.75
1.688e-06 122 14.35
1.096e-06 138.7 18.41
9.659e-07 35.54 16.03
1.138e-06 1.239 6.036
1.486e-06 23.07 22.64
5.44e-07 108.2 6.539
1.712e-06 68.28 18.08
6.475e-07 132 18.29
8.465e-07 10.35 25.93
1.353e-06 82.91 7.892
4.512e-07 87.23 11.51
8.996e-07 5.917 16.48
9.978e-07 108.7 18.39
7.51e-07 169 18.89
2.038e-06 175.3 15.01
3.197e-06 71.04 22.86
3.816e-06 5.197 19.47
2.423e-06 61.45 12.96
3.025e-06 2.199 24.17
3.614e-06 110.5 29.8
3.203e-06 151.6 14.68
2.762e-06 99.22 23.17
3.583e-07 12.63 29.12
2.563e-06 38.66 27.94
2.495e-07 146.6 27.36
2.308e-06 139.3 22.06
8.501e-08 58.33 28.68
8.173e-07 75.36 13.48
3.212e-07 83.87 4.722
6.608e-07 153.2 23.44
2.699e-06 135.8 6.249
1.595e-06 70.8 3.697
1.038e-06 159.1 9.864
2.903e-06 98.75 16.94
1.17e-06 22.35 23.22
5.051e-08 0.5198 17.08
1.86e-06 116.6 3.678
9.297e-08 68.16 7.37
1.926e-06 55.69 10.48
2.741e-06 117.8 10.29
8.518e-07 58.81 2.576
3.391e-06 122.9 11.28
3.351e-06 40.58 2.595
2.141e-06 113.1 2.015
3.394e-06 16.23 9.381
2.76e-07 123.9 2.75
1.12e-06 14.55 27.57
1.489e-06 4.957 2.382
7.377e-07 21.87 18.8
3.667e-06 31.1 25.33
1.024e-06 50.41 29.72
2.056e-06 4.358 14.08
2.664e-06 133.9 14
6.909e-08 1.359 29.68
3.8e-06 65.4 1.261
3.476e-06 31.82 3.117
1.215e-06 131.7 29.31
1.385e-06 1.959 12.24
1.085e-06 168.8 20.03
2.102e-06 35.42 8.395
3.099e-06 164 16.4
3.083e-06 55.33 16.73
1.189e-06 138.3 10.23
2.348e-06 152.4 28.83
3.725e-08 39.62 8.337
1.168e-07 52.81 13.56
1.937e-06 23.19 19.18
1.969e-06 87.95 28.23
1.16e-06 58.93 5.224
2.346e-06 87.35 2.885
3.309e-06 94.67 21.16
7.059e-07 76.32 18.66
2.208e-06 84.47 25.54
3.911e-06 168.5 17.29
3.9e-06 119 28.15
1.449e-06 80.04 12.2
3.07e-06 3.158 14.47
3.887e-06 48.97 26.43
3.078e-06 9.755 16.86
2.653e-06 60.49 27.13
7.722e-07 139.9 27.65
2.996e-06 74.4 5.495
1.69e-06 147.6 19.14
3.752e-06 52.33 25.87
4.83e-07 173.1 4.103
1.337e-06 109.9 8.84
3.795e-07 145.2 5.534
1.953e-06 111.2 20.46
3.022e-06 43.22 13.87
6.263e-07 83.99 15.1
1.722e-06 129.4 27.25
3.834e-06 126.2 6.288
6.316e-07 10.59 3.233
3.558e-06 155.8 8.878
2.893e-07 147.1 3.716
8.73e-07 172.9 4.954
